%!PS-Adobe-3.0 EPSF-3.0
%%HiResBoundingBox: 0 0 56.977 28.488
%%BoundingBox: 0 0 57 29
%%Creator: Serif Affinity
%LanguageLevel: 3
%%DocumentData: Clean7Bit
%ADO_ContainsXMP: MainFirst
%%EndComments
%%BeginProlog
101 dict begin
/m/moveto
/l/lineto
/c/curveto
3{load def}repeat
%%EndProlog
/currentdistillerparams where
{pop currentdistillerparams /CoreDistVersion get 5000 lt} {true} ifelse
{userdict /EPSHandler1_pdfmark /cleartomark load put
userdict /EPSHandler1_ReadMetadata_pdfmark {flushfile cleartomark} bind put}
{ userdict /EPSHandler1_pdfmark /pdfmark load put
userdict /EPSHandler1_ReadMetadata_pdfmark {/PUT pdfmark} bind put } ifelse
[/NamespacePush EPSHandler1_pdfmark
[/_objdef {eps_metadata_stream} /type /stream /OBJ EPSHandler1_pdfmark
[{eps_metadata_stream} 2 dict begin
/Type /Metadata def /Subtype /XML def currentdict end /PUT EPSHandler1_pdfmark
[{eps_metadata_stream}
currentfile 0 (% &&end EPS XMP packet marker&&)
/SubFileDecode filter EPSHandler1_ReadMetadata_pdfmark
<?xpacket begin="﻿" id="W5M0MpCehiHzreSzNTczkc9d"?>
<x:xmpmeta xmlns:x="adobe:ns:meta/" x:xmptk="XMP Core 5.5.0">
 <rdf:RDF xmlns:rdf="http://www.w3.org/1999/02/22-rdf-syntax-ns#">
  <rdf:Description rdf:about=""/>
 </rdf:RDF>
</x:xmpmeta>
                                                                                                    
                                                                                                    
                                                                                                    
                                                                                                    
                                                                                                    
                                                                                                    
                                                                                                    
                                                                                                    
                                                                                                    
                                                                                                    
                                                                                                    
                                                                                                    
                                                                                                    
                                                                                                    
                                                                                                    
                                                                                                    
                                                                                                    
                                                                                                    
                                                                                                    
                                                                                                    
                           
<?xpacket end="w"?>
% &&end EPS XMP packet marker&&
[/Document
1 dict begin /Metadata {eps_metadata_stream} def
currentdict end /BDC EPSHandler1_pdfmark
[/NamespacePop EPSHandler1_pdfmark

gsave
 
 % Calque
  
  % Courbe
    newpath
    5.623 22.866 m
    5.623 22.866 28.489 9.746 28.489 9.746 c
    /DeviceRGB setcolorspace
    0 0 0 setcolor
    0.75 setlinewidth
    1 setlinecap
    1 setlinejoin
    [] 0 setdash
    stroke
  
  % Courbe
    51.355 22.866 m
    51.355 22.866 28.489 9.746 28.489 9.746 c
    /DeviceRGB setcolorspace
    0 0 0 setcolor
    0.75 setlinewidth
    1 setlinecap
    1 setlinejoin
    [] 0 setdash
    stroke
  
  % Courbe
    47.006 18.517 m
    48.094 17.431 49.443 16.868 50.98 16.868 c
    52.517 16.868 53.866 17.431 54.953 18.517 c
    56.041 19.605 56.602 20.954 56.602 22.491 c
    56.602 24.028 56.041 25.378 54.953 26.464 c
    53.866 27.552 52.517 28.114 50.98 28.114 c
    49.443 28.114 48.094 27.552 47.006 26.464 c
    45.919 25.378 45.357 24.028 45.357 22.491 c
    45.357 20.954 45.919 19.605 47.006 18.517 c
    closepath
    /DeviceRGB setcolorspace
    0.8 0.8 0.8 setcolor
    fill
  
  % Courbe
    11.62 22.491 m
    11.62 24.028 11.059 25.378 9.971 26.464 c
    8.884 27.552 7.535 28.114 5.998 28.114 c
    4.461 28.114 3.112 27.552 2.024 26.464 c
    0.937 25.378 0.375 24.028 0.375 22.491 c
    0.375 20.954 0.937 19.605 2.024 18.517 c
    3.112 17.431 4.461 16.868 5.998 16.868 c
    7.535 16.868 8.884 17.431 9.971 18.517 c
    11.059 19.605 11.62 20.954 11.62 22.491 c
    closepath
    /DeviceRGB setcolorspace
    0.8 0.8 0.8 setcolor
    fill
  
  % Courbe
    9.971 26.464 m
    8.884 27.552 7.535 28.114 5.998 28.114 c
    4.461 28.114 3.112 27.552 2.024 26.464 c
    0.937 25.378 0.375 24.028 0.375 22.491 c
    0.375 20.954 0.937 19.605 2.024 18.517 c
    3.112 17.431 4.461 16.868 5.998 16.868 c
    7.535 16.868 8.884 17.431 9.971 18.517 c
    11.059 19.605 11.62 20.954 11.62 22.491 c
    11.62 24.028 11.059 25.378 9.971 26.464 c
    closepath
    /DeviceRGB setcolorspace
    0 0 0 setcolor
    0.75 setlinewidth
    1 setlinecap
    1 setlinejoin
    [] 0 setdash
    stroke
  
  % Courbe
    50.98 16.868 m
    52.517 16.868 53.866 17.431 54.953 18.517 c
    56.041 19.605 56.602 20.954 56.602 22.491 c
    56.602 24.028 56.041 25.378 54.953 26.464 c
    53.866 27.552 52.517 28.114 50.98 28.114 c
    49.443 28.114 48.094 27.552 47.006 26.464 c
    45.919 25.378 45.357 24.028 45.357 22.491 c
    45.357 20.954 45.919 19.605 47.006 18.517 c
    48.094 17.431 49.443 16.868 50.98 16.868 c
    closepath
    /DeviceRGB setcolorspace
    0 0 0 setcolor
    0.75 setlinewidth
    1 setlinecap
    1 setlinejoin
    [] 0 setdash
    stroke
  
  % Courbe
    48.955 24.89 m
    48.955 25.303 48.993 25.565 49.03 25.678 c
    49.068 25.79 49.143 25.902 49.255 25.939 c
    49.443 26.052 49.63 26.089 49.818 26.089 c
    49.818 26.089 50.08 26.089 50.08 26.089 c
    50.08 26.089 50.08 26.314 50.08 26.314 c
    50.08 26.314 46.669 26.314 46.669 26.314 c
    46.669 26.314 46.669 26.089 46.669 26.089 c
    46.669 26.089 46.969 26.089 46.969 26.089 c
    47.156 26.089 47.306 26.052 47.494 25.939 c
    47.606 25.902 47.719 25.827 47.756 25.714 c
    47.794 25.565 47.831 25.303 47.831 24.89 c
    47.831 24.89 47.831 19.755 47.831 19.755 c
    47.831 19.267 47.794 18.967 47.681 18.855 c
    47.531 18.667 47.306 18.592 46.969 18.592 c
    46.969 18.592 46.669 18.592 46.669 18.592 c
    46.669 18.592 46.669 18.367 46.669 18.367 c
    46.669 18.367 50.08 18.367 50.08 18.367 c
    50.08 18.367 50.08 18.592 50.08 18.592 c
    50.08 18.592 49.818 18.592 49.818 18.592 c
    49.63 18.592 49.443 18.63 49.255 18.742 c
    49.143 18.78 49.069 18.855 49.031 18.967 c
    48.994 19.08 48.956 19.342 48.956 19.755 c
    48.956 19.755 48.956 22.191 48.956 22.191 c
    48.956 22.191 52.63 22.191 52.63 22.191 c
    52.63 22.191 52.63 19.755 52.63 19.755 c
    52.63 19.267 52.592 18.967 52.48 18.855 c
    52.33 18.667 52.105 18.592 51.767 18.592 c
    51.767 18.592 51.505 18.592 51.505 18.592 c
    51.505 18.592 51.505 18.367 51.505 18.367 c
    51.505 18.367 54.916 18.367 54.916 18.367 c
    54.916 18.367 54.916 18.592 54.916 18.592 c
    54.916 18.592 54.616 18.592 54.616 18.592 c
    54.429 18.592 54.279 18.63 54.091 18.742 c
    53.979 18.78 53.866 18.855 53.829 18.967 c
    53.791 19.08 53.754 19.342 53.754 19.754 c
    53.754 19.754 53.754 24.89 53.754 24.89 c
    53.754 25.302 53.791 25.564 53.829 25.677 c
    53.866 25.789 53.979 25.902 54.091 25.939 c
    54.279 26.052 54.429 26.089 54.616 26.089 c
    54.616 26.089 54.916 26.089 54.916 26.089 c
    54.916 26.089 54.916 26.314 54.916 26.314 c
    54.916 26.314 51.505 26.314 51.505 26.314 c
    51.505 26.314 51.505 26.089 51.505 26.089 c
    51.505 26.089 51.767 26.089 51.767 26.089 c
    51.955 26.089 52.142 26.052 52.33 25.939 c
    52.442 25.902 52.517 25.827 52.555 25.714 c
    52.592 25.564 52.63 25.302 52.63 24.89 c
    52.63 24.89 52.63 22.641 52.63 22.641 c
    52.63 22.641 48.956 22.641 48.956 22.641 c
    48.956 22.641 48.956 24.89 48.956 24.89 c
    48.956 24.89 48.955 24.89 48.955 24.89 c
    closepath
    /DeviceRGB setcolorspace
    0 0 0 setcolor
    fill
  
  % Courbe
    9.934 18.367 m
    9.934 18.367 9.934 18.592 9.934 18.592 c
    9.934 18.592 9.634 18.592 9.634 18.592 c
    9.446 18.592 9.297 18.63 9.109 18.742 c
    8.997 18.78 8.884 18.855 8.847 18.967 c
    8.809 19.08 8.772 19.342 8.772 19.755 c
    8.772 19.755 8.772 24.89 8.772 24.89 c
    8.772 25.303 8.809 25.565 8.847 25.678 c
    8.884 25.789 8.997 25.902 9.109 25.939 c
    9.297 26.052 9.447 26.089 9.634 26.089 c
    9.634 26.089 9.934 26.089 9.934 26.089 c
    9.934 26.089 9.934 26.314 9.934 26.314 c
    9.934 26.314 6.523 26.314 6.523 26.314 c
    6.523 26.314 6.523 26.089 6.523 26.089 c
    6.523 26.089 6.785 26.089 6.785 26.089 c
    6.973 26.089 7.16 26.052 7.348 25.939 c
    7.46 25.902 7.535 25.827 7.573 25.714 c
    7.61 25.565 7.648 25.303 7.648 24.89 c
    7.648 24.89 7.648 22.641 7.648 22.641 c
    7.648 22.641 3.974 22.641 3.974 22.641 c
    3.974 22.641 3.974 24.89 3.974 24.89 c
    3.974 25.303 4.012 25.565 4.048 25.677 c
    4.086 25.789 4.161 25.902 4.273 25.939 c
    4.461 26.052 4.648 26.089 4.836 26.089 c
    4.836 26.089 5.098 26.089 5.098 26.089 c
    5.098 26.089 5.098 26.314 5.098 26.314 c
    5.098 26.314 1.687 26.314 1.687 26.314 c
    1.687 26.314 1.687 26.089 1.687 26.089 c
    1.687 26.089 1.987 26.089 1.987 26.089 c
    2.175 26.089 2.324 26.052 2.512 25.939 c
    2.624 25.902 2.737 25.827 2.774 25.714 c
    2.812 25.564 2.849 25.303 2.849 24.89 c
    2.849 24.89 2.849 19.754 2.849 19.754 c
    2.849 19.267 2.812 18.967 2.699 18.855 c
    2.549 18.667 2.324 18.592 1.987 18.592 c
    1.987 18.592 1.687 18.592 1.687 18.592 c
    1.687 18.592 1.687 18.367 1.687 18.367 c
    1.687 18.367 5.098 18.367 5.098 18.367 c
    5.098 18.367 5.098 18.592 5.098 18.592 c
    5.098 18.592 4.836 18.592 4.836 18.592 c
    4.648 18.592 4.461 18.63 4.273 18.742 c
    4.161 18.78 4.087 18.855 4.049 18.967 c
    4.012 19.08 3.974 19.342 3.974 19.754 c
    3.974 19.754 3.974 22.191 3.974 22.191 c
    3.974 22.191 7.648 22.191 7.648 22.191 c
    7.648 22.191 7.648 19.754 7.648 19.754 c
    7.648 19.267 7.61 18.967 7.498 18.855 c
    7.348 18.667 7.123 18.592 6.785 18.592 c
    6.785 18.592 6.523 18.592 6.523 18.592 c
    6.523 18.592 6.523 18.367 6.523 18.367 c
    6.523 18.367 9.934 18.367 9.934 18.367 c
    closepath
    /DeviceRGB setcolorspace
    0 0 0 setcolor
    fill
  
  % Courbe
    35.124 16.381 m
    33.287 18.218 31.075 19.117 28.489 19.117 c
    25.903 19.117 23.691 18.218 21.854 16.381 c
    20.017 14.545 19.117 12.333 19.117 9.746 c
    19.117 7.159 20.017 4.948 21.854 3.112 c
    23.691 1.275 25.903 0.375 28.489 0.375 c
    31.075 0.375 33.287 1.275 35.124 3.112 c
    36.961 4.948 37.86 7.159 37.86 9.746 c
    37.86 12.333 36.961 14.544 35.124 16.381 c
    closepath
    /DeviceRGB setcolorspace
    1 0 0 setcolor
    fill
  
  % Courbe
    28.489 19.117 m
    25.903 19.117 23.691 18.218 21.854 16.381 c
    20.017 14.545 19.117 12.333 19.117 9.746 c
    19.117 7.159 20.017 4.948 21.854 3.112 c
    23.691 1.275 25.903 0.375 28.489 0.375 c
    31.075 0.375 33.287 1.275 35.124 3.112 c
    36.961 4.948 37.86 7.159 37.86 9.746 c
    37.86 12.333 36.961 14.544 35.124 16.381 c
    33.287 18.218 31.075 19.117 28.489 19.117 c
    closepath
    /DeviceRGB setcolorspace
    0 0 0 setcolor
    0.75 setlinewidth
    1 setlinecap
    1 setlinejoin
    [] 0 setdash
    stroke
  
  % Courbes
    28.433 13.807 m
    30.46 13.807 32.356 12.319 32.356 9.668 c
    32.356 6.97 30.46 5.53 28.445 5.53 c
    26.502 5.53 24.511 6.886 24.511 9.668 c
    24.511 12.547 26.622 13.807 28.433 13.807 c
    closepath
    28.433 13.363 m
    27.006 13.363 25.879 12.127 25.879 9.668 c
    25.879 7.269 26.922 5.95 28.445 5.95 c
    29.885 5.95 30.976 7.185 30.976 9.668 c
    30.976 12.187 29.801 13.363 28.433 13.363 c
    closepath
    /DeviceRGB setcolorspace
    0 0 0 setcolor
    fill
 grestore
showpage
end
/currentdistillerparams where
{pop currentdistillerparams /CoreDistVersion get 5000 lt} {true} ifelse
{userdict /EPSHandler1_pdfmark /cleartomark load put}
{ userdict /EPSHandler1_pdfmark /pdfmark load put} ifelse
[/EMC EPSHandler1_pdfmark
