%!PS-Adobe-3.0 EPSF-3.0
%%HiResBoundingBox: 0 0 17.619 17.619
%%BoundingBox: 0 0 18 18
%%Creator: Serif Affinity
%LanguageLevel: 3
%%DocumentData: Clean7Bit
%ADO_ContainsXMP: MainFirst
%%EndComments
%%BeginProlog
101 dict begin
/m/moveto
/l/lineto
/c/curveto
3{load def}repeat
%%EndProlog
/currentdistillerparams where
{pop currentdistillerparams /CoreDistVersion get 5000 lt} {true} ifelse
{userdict /EPSHandler1_pdfmark /cleartomark load put
userdict /EPSHandler1_ReadMetadata_pdfmark {flushfile cleartomark} bind put}
{ userdict /EPSHandler1_pdfmark /pdfmark load put
userdict /EPSHandler1_ReadMetadata_pdfmark {/PUT pdfmark} bind put } ifelse
[/NamespacePush EPSHandler1_pdfmark
[/_objdef {eps_metadata_stream} /type /stream /OBJ EPSHandler1_pdfmark
[{eps_metadata_stream} 2 dict begin
/Type /Metadata def /Subtype /XML def currentdict end /PUT EPSHandler1_pdfmark
[{eps_metadata_stream}
currentfile 0 (% &&end EPS XMP packet marker&&)
/SubFileDecode filter EPSHandler1_ReadMetadata_pdfmark
<?xpacket begin="﻿" id="W5M0MpCehiHzreSzNTczkc9d"?>
<x:xmpmeta xmlns:x="adobe:ns:meta/" x:xmptk="XMP Core 5.5.0">
 <rdf:RDF xmlns:rdf="http://www.w3.org/1999/02/22-rdf-syntax-ns#">
  <rdf:Description rdf:about=""/>
 </rdf:RDF>
</x:xmpmeta>
                                                                                                    
                                                                                                    
                                                                                                    
                                                                                                    
                                                                                                    
                                                                                                    
                                                                                                    
                                                                                                    
                                                                                                    
                                                                                                    
                                                                                                    
                                                                                                    
                                                                                                    
                                                                                                    
                                                                                                    
                                                                                                    
                                                                                                    
                                                                                                    
                                                                                                    
                                                                                                    
                           
<?xpacket end="w"?>
% &&end EPS XMP packet marker&&
[/Document
1 dict begin /Metadata {eps_metadata_stream} def
currentdict end /BDC EPSHandler1_pdfmark
[/NamespacePop EPSHandler1_pdfmark

gsave
 
 % Courbe
   newpath
   0.376 8.809 m
   0.339 6.485 1.163 4.498 2.813 2.849 c
   4.462 1.2 6.449 0.375 8.81 0.375 c
   11.134 0.375 13.121 1.2 14.733 2.849 c
   16.382 4.498 17.207 6.485 17.244 8.809 c
   17.207 11.17 16.382 13.157 14.733 14.806 c
   13.121 16.456 11.134 17.281 8.81 17.243 c
   6.449 17.281 4.462 16.456 2.813 14.806 c
   1.163 13.157 0.339 11.17 0.376 8.809 c
   closepath
   /DeviceRGB setcolorspace
   0.4 1 0.8 setcolor
   fill
 
 % Courbe
   2.813 2.849 m
   4.462 1.2 6.449 0.375 8.81 0.375 c
   11.134 0.375 13.121 1.2 14.733 2.849 c
   16.382 4.498 17.207 6.485 17.244 8.809 c
   17.207 11.17 16.382 13.157 14.733 14.806 c
   13.121 16.456 11.134 17.281 8.81 17.243 c
   6.449 17.281 4.462 16.456 2.813 14.806 c
   1.163 13.157 0.339 11.17 0.376 8.809 c
   0.339 6.485 1.163 4.498 2.813 2.849 c
   closepath
   /DeviceRGB setcolorspace
   0 0 0 setcolor
   0.75 setlinewidth
   1 setlinecap
   1 setlinejoin
   [] 0 setdash
   stroke
 
 % Courbes
   6.748 12.895 m
   6.748 12.895 6.561 12.895 6.561 12.895 c
   6.561 12.895 3.75 6.335 3.75 6.335 c
   3.525 5.773 3.3 5.398 3.112 5.211 c
   3 5.098 2.813 5.023 2.475 4.986 c
   2.475 4.986 2.475 4.761 2.475 4.761 c
   2.475 4.761 4.949 4.761 4.949 4.761 c
   4.949 4.761 4.949 4.986 4.949 4.986 c
   4.575 5.023 4.312 5.061 4.2 5.136 c
   4.087 5.248 4.05 5.361 4.05 5.473 c
   4.05 5.623 4.125 5.848 4.237 6.148 c
   4.237 6.148 4.762 7.422 4.762 7.422 c
   4.762 7.422 7.836 7.422 7.836 7.422 c
   7.836 7.422 8.323 6.26 8.323 6.26 c
   8.473 5.923 8.548 5.66 8.548 5.473 c
   8.548 5.361 8.511 5.248 8.398 5.136 c
   8.286 5.023 8.098 4.986 7.761 4.986 c
   7.761 4.986 7.761 4.761 7.761 4.761 c
   7.761 4.761 10.909 4.761 10.909 4.761 c
   10.909 4.761 10.909 4.986 10.909 4.986 c
   10.572 5.023 10.31 5.098 10.122 5.248 c
   9.935 5.398 9.747 5.735 9.522 6.26 c
   9.522 6.26 6.749 12.895 6.749 12.895 c
   6.749 12.895 6.748 12.895 6.748 12.895 c
   closepath
   7.686 7.834 m
   7.686 7.834 4.949 7.834 4.949 7.834 c
   4.949 7.834 6.336 11.058 6.336 11.058 c
   6.336 11.058 7.686 7.834 7.686 7.834 c
   closepath
   /DeviceRGB setcolorspace
   0 0 0 setcolor
   fill
 
 % Courbe
   11.172 9.409 m
   11.322 9.484 11.472 9.521 11.584 9.521 c
   11.697 9.521 11.772 9.484 11.809 9.409 c
   11.884 9.371 11.922 9.259 11.959 9.146 c
   11.997 9.034 11.997 8.697 11.997 8.059 c
   11.997 8.059 11.997 5.96 11.997 5.96 c
   11.997 5.66 11.997 5.473 11.959 5.398 c
   11.922 5.286 11.884 5.173 11.772 5.098 c
   11.659 5.023 11.434 4.986 11.172 4.986 c
   11.172 4.986 11.172 4.761 11.172 4.761 c
   11.172 4.761 13.908 4.761 13.908 4.761 c
   13.908 4.761 13.908 4.986 13.908 4.986 c
   13.646 4.986 13.458 5.023 13.346 5.061 c
   13.233 5.136 13.121 5.211 13.083 5.323 c
   13.008 5.51 12.971 5.735 12.971 5.998 c
   12.971 5.998 12.971 8.584 12.971 8.584 c
   13.158 8.959 13.308 9.221 13.496 9.371 c
   13.608 9.446 13.683 9.484 13.758 9.484 c
   13.833 9.484 13.946 9.409 14.133 9.296 c
   14.283 9.146 14.433 9.072 14.583 9.072 c
   14.695 9.072 14.845 9.146 14.958 9.259 c
   15.07 9.371 15.108 9.484 15.108 9.634 c
   15.108 9.821 15.033 9.971 14.883 10.084 c
   14.733 10.196 14.545 10.271 14.358 10.271 c
   13.871 10.271 13.421 9.859 12.971 9.071 c
   12.971 9.071 12.971 10.271 12.971 10.271 c
   12.971 10.271 12.708 10.271 12.708 10.271 c
   12.708 10.271 11.097 9.634 11.097 9.634 c
   11.097 9.634 11.172 9.409 11.172 9.409 c
   closepath
   /DeviceRGB setcolorspace
   0 0 0 setcolor
   fill
 grestore
showpage
end
/currentdistillerparams where
{pop currentdistillerparams /CoreDistVersion get 5000 lt} {true} ifelse
{userdict /EPSHandler1_pdfmark /cleartomark load put}
{ userdict /EPSHandler1_pdfmark /pdfmark load put} ifelse
[/EMC EPSHandler1_pdfmark
